#          \hbar \omega(eV)    Oscillator strength
       0.220000000000000E+01  0.862111271002207E-01
       0.220100000000000E+01  0.863254575695374E-01
       0.220200000000000E+01  0.864399320235873E-01
       0.220300000000000E+01  0.865545506898843E-01
       0.220400000000000E+01  0.866693137964281E-01
       0.220500000000000E+01  0.867842215717032E-01
       0.220600000000000E+01  0.868992742446857E-01
       0.220700000000000E+01  0.870144720448389E-01
       0.220800000000000E+01  0.871298152021173E-01
       0.220900000000000E+01  0.872453039469683E-01
       0.221000000000000E+01  0.873609385103322E-01
       0.221100000000000E+01  0.874767191236437E-01
       0.221200000000000E+01  0.875926460188338E-01
       0.221300000000000E+01  0.877087194283316E-01
       0.221400000000000E+01  0.878249395850629E-01
       0.221500000000000E+01  0.879413067224571E-01
       0.221600000000000E+01  0.880578210744409E-01
       0.221700000000000E+01  0.881744828754457E-01
       0.221800000000000E+01  0.882912923604077E-01
       0.221900000000000E+01  0.884082497647663E-01
       0.222000000000000E+01  0.885253553244693E-01
       0.222100000000000E+01  0.886426092759722E-01
       0.222200000000000E+01  0.887600118562399E-01
       0.222300000000000E+01  0.888775633027480E-01
       0.222400000000000E+01  0.889952638534832E-01
       0.222500000000000E+01  0.891131137469469E-01
       0.222600000000000E+01  0.892311132221563E-01
       0.222700000000000E+01  0.893492625186424E-01
       0.222800000000000E+01  0.894675618764564E-01
       0.222900000000000E+01  0.895860115361665E-01
       0.223000000000000E+01  0.897046117388620E-01
       0.223100000000000E+01  0.898233627261543E-01
       0.223200000000000E+01  0.899422647401785E-01
       0.223300000000000E+01  0.900613180235927E-01
       0.223400000000000E+01  0.901805228195825E-01
       0.223500000000000E+01  0.902998793718608E-01
       0.223600000000000E+01  0.904193879246687E-01
       0.223700000000000E+01  0.905390487227777E-01
       0.223800000000000E+01  0.906588620114919E-01
       0.223900000000000E+01  0.907788280366468E-01
       0.224000000000000E+01  0.908989470446144E-01
       0.224100000000000E+01  0.910192192823021E-01
       0.224200000000000E+01  0.911396449971544E-01
       0.224300000000000E+01  0.912602244371545E-01
       0.224400000000000E+01  0.913809578508269E-01
       0.224500000000000E+01  0.915018454872376E-01
       0.224600000000000E+01  0.916228875959956E-01
       0.224700000000000E+01  0.917440844272551E-01
       0.224799999999999E+01  0.918654362317161E-01
       0.224899999999999E+01  0.919869432606266E-01
       0.224999999999999E+01  0.921086057657845E-01
       0.225099999999999E+01  0.922304239995372E-01
       0.225199999999999E+01  0.923523982147848E-01
       0.225299999999999E+01  0.924745286649819E-01
       0.225399999999999E+01  0.925968156041372E-01
       0.225499999999999E+01  0.927192592868166E-01
       0.225599999999999E+01  0.928418599681446E-01
       0.225699999999999E+01  0.929646179038038E-01
       0.225799999999999E+01  0.930875333500422E-01
       0.225899999999999E+01  0.932106065636659E-01
       0.225999999999999E+01  0.933338378020474E-01
       0.226099999999999E+01  0.934572273231255E-01
       0.226199999999999E+01  0.935807753854062E-01
       0.226299999999999E+01  0.937044822479638E-01
       0.226399999999999E+01  0.938283481704442E-01
       0.226499999999999E+01  0.939523734130649E-01
       0.226599999999999E+01  0.940765582366174E-01
       0.226699999999999E+01  0.942009029024675E-01
       0.226799999999999E+01  0.943254076725587E-01
       0.226899999999999E+01  0.944500728094138E-01
       0.226999999999999E+01  0.945748985761334E-01
       0.227099999999999E+01  0.946998852364012E-01
       0.227199999999999E+01  0.948250330544841E-01
       0.227299999999999E+01  0.949503422952341E-01
       0.227399999999999E+01  0.950758132240874E-01
       0.227499999999999E+01  0.952014461070722E-01
       0.227599999999999E+01  0.953272412108022E-01
       0.227699999999999E+01  0.954531988024851E-01
       0.227799999999999E+01  0.955793191499211E-01
       0.227899999999999E+01  0.957056025215035E-01
       0.227999999999999E+01  0.958320491862237E-01
       0.228099999999999E+01  0.959586594136692E-01
       0.228199999999999E+01  0.960854334740295E-01
       0.228299999999999E+01  0.962123716380915E-01
       0.228399999999999E+01  0.963394741772487E-01
       0.228499999999999E+01  0.964667413634973E-01
       0.228599999999999E+01  0.965941734694394E-01
       0.228699999999999E+01  0.967217707682855E-01
       0.228799999999999E+01  0.968495335338556E-01
       0.228899999999999E+01  0.969774620405810E-01
       0.228999999999999E+01  0.971055565635052E-01
       0.229099999999999E+01  0.972338173782881E-01
       0.229199999999999E+01  0.973622447612041E-01
       0.229299999999999E+01  0.974908389891460E-01
       0.229399999999999E+01  0.976196003396279E-01
       0.229499999999999E+01  0.977485290907832E-01
       0.229599999999999E+01  0.978776255213698E-01
       0.229699999999999E+01  0.980068899107704E-01
       0.229799999999999E+01  0.981363225389941E-01
       0.229899999999999E+01  0.982659236866800E-01
       0.229999999999999E+01  0.983956936350955E-01
       0.230099999999999E+01  0.985256326661408E-01
       0.230199999999999E+01  0.986557410623495E-01
       0.230299999999999E+01  0.987860191068910E-01
       0.230399999999999E+01  0.989164670835733E-01
       0.230499999999999E+01  0.990470852768410E-01
       0.230599999999999E+01  0.991778739717819E-01
       0.230699999999999E+01  0.993088334541248E-01
       0.230799999999999E+01  0.994399640102442E-01
       0.230899999999999E+01  0.995712659271609E-01
       0.230999999999999E+01  0.997027394925429E-01
       0.231099999999999E+01  0.998343849947080E-01
       0.231199999999999E+01  0.999662027226284E-01
       0.231299999999999E+01  0.100098192965927E+00
       0.231399999999999E+01  0.100230356014884E+00
       0.231499999999999E+01  0.100362692160434E+00
       0.231599999999999E+01  0.100495201694176E+00
       0.231699999999999E+01  0.100627884908366E+00
       0.231799999999999E+01  0.100760742095923E+00
       0.231899999999999E+01  0.100893773550433E+00
       0.231999999999999E+01  0.101026979566147E+00
       0.232099999999999E+01  0.101160360437986E+00
       0.232199999999999E+01  0.101293916461539E+00
       0.232299999999999E+01  0.101427647933070E+00
       0.232399999999999E+01  0.101561555149516E+00
       0.232499999999999E+01  0.101695638408489E+00
       0.232599999999999E+01  0.101829898008283E+00
       0.232699999999999E+01  0.101964334247867E+00
       0.232799999999999E+01  0.102098947426898E+00
       0.232899999999999E+01  0.102233737845710E+00
       0.232999999999999E+01  0.102368705805328E+00
       0.233099999999999E+01  0.102503851607464E+00
       0.233199999999999E+01  0.102639175554516E+00
       0.233299999999999E+01  0.102774677949579E+00
       0.233399999999999E+01  0.102910359096440E+00
       0.233499999999999E+01  0.103046219299580E+00
       0.233599999999999E+01  0.103182258864177E+00
       0.233699999999999E+01  0.103318478096115E+00
       0.233799999999998E+01  0.103454877301972E+00
       0.233899999999998E+01  0.103591456789033E+00
       0.233999999999998E+01  0.103728216865291E+00
       0.234099999999998E+01  0.103865157839442E+00
       0.234199999999998E+01  0.104002280020896E+00
       0.234299999999998E+01  0.104139583719772E+00
       0.234399999999998E+01  0.104277069246905E+00
       0.234499999999998E+01  0.104414736913843E+00
       0.234599999999998E+01  0.104552587032856E+00
       0.234699999999998E+01  0.104690619916932E+00
       0.234799999999998E+01  0.104828835879780E+00
       0.234899999999998E+01  0.104967235235834E+00
       0.234999999999998E+01  0.105105818300255E+00
       0.235099999999998E+01  0.105244585388932E+00
       0.235199999999998E+01  0.105383536818486E+00
       0.235299999999998E+01  0.105522672906266E+00
       0.235399999999998E+01  0.105661993970363E+00
       0.235499999999998E+01  0.105801500329596E+00
       0.235599999999998E+01  0.105941192303532E+00
       0.235699999999998E+01  0.106081070212472E+00
       0.235799999999998E+01  0.106221134377464E+00
       0.235899999999998E+01  0.106361385120301E+00
       0.235999999999998E+01  0.106501822763524E+00
       0.236099999999998E+01  0.106642447630421E+00
       0.236199999999998E+01  0.106783260045034E+00
       0.236299999999998E+01  0.106924260332161E+00
       0.236399999999998E+01  0.107065448817353E+00
       0.236499999999998E+01  0.107206825826921E+00
       0.236599999999998E+01  0.107348391687938E+00
       0.236699999999998E+01  0.107490146728237E+00
       0.236799999999998E+01  0.107632091276420E+00
       0.236899999999998E+01  0.107774225661853E+00
       0.236999999999998E+01  0.107916550214672E+00
       0.237099999999998E+01  0.108059065265788E+00
       0.237199999999998E+01  0.108201771146884E+00
       0.237299999999998E+01  0.108344668190418E+00
       0.237399999999998E+01  0.108487756729629E+00
       0.237499999999998E+01  0.108631037098537E+00
       0.237599999999998E+01  0.108774509631946E+00
       0.237699999999998E+01  0.108918174665441E+00
       0.237799999999998E+01  0.109062032535401E+00
       0.237899999999998E+01  0.109206083578991E+00
       0.237999999999998E+01  0.109350328134170E+00
       0.238099999999998E+01  0.109494766539692E+00
       0.238199999999998E+01  0.109639399135110E+00
       0.238299999999998E+01  0.109784226260772E+00
       0.238399999999998E+01  0.109929248257832E+00
       0.238499999999998E+01  0.110074465468247E+00
       0.238599999999998E+01  0.110219878234780E+00
       0.238699999999998E+01  0.110365486901005E+00
       0.238799999999998E+01  0.110511291811304E+00
       0.238899999999998E+01  0.110657293310877E+00
       0.238999999999998E+01  0.110803491745738E+00
       0.239099999999998E+01  0.110949887462717E+00
       0.239199999999998E+01  0.111096480809472E+00
       0.239299999999998E+01  0.111243272134480E+00
       0.239399999999998E+01  0.111390261787042E+00
       0.239499999999998E+01  0.111537450117293E+00
       0.239599999999998E+01  0.111684837476195E+00
       0.239699999999998E+01  0.111832424215542E+00
       0.239799999999998E+01  0.111980210687971E+00
       0.239899999999998E+01  0.112128197246947E+00
       0.239999999999998E+01  0.112276384246786E+00
       0.240099999999998E+01  0.112424772042639E+00
       0.240199999999998E+01  0.112573360990511E+00
       0.240299999999998E+01  0.112722151447247E+00
       0.240399999999998E+01  0.112871143770548E+00
       0.240499999999998E+01  0.113020338318968E+00
       0.240599999999998E+01  0.113169735451917E+00
       0.240699999999998E+01  0.113319335529661E+00
       0.240799999999998E+01  0.113469138913332E+00
       0.240899999999998E+01  0.113619145964920E+00
       0.240999999999998E+01  0.113769357047286E+00
       0.241099999999998E+01  0.113919772524158E+00
       0.241199999999998E+01  0.114070392760136E+00
       0.241299999999998E+01  0.114221218120693E+00
       0.241399999999998E+01  0.114372248972180E+00
       0.241499999999998E+01  0.114523485681827E+00
       0.241599999999998E+01  0.114674928617747E+00
       0.241699999999998E+01  0.114826578148937E+00
       0.241799999999998E+01  0.114978434645280E+00
       0.241899999999998E+01  0.115130498477552E+00
       0.241999999999998E+01  0.115282770017420E+00
       0.242099999999998E+01  0.115435249637447E+00
       0.242199999999998E+01  0.115587937711092E+00
       0.242299999999998E+01  0.115740834612718E+00
       0.242399999999998E+01  0.115893940717592E+00
       0.242499999999998E+01  0.116047256401883E+00
       0.242599999999998E+01  0.116200782042674E+00
       0.242699999999998E+01  0.116354518017956E+00
       0.242799999999998E+01  0.116508464706639E+00
       0.242899999999997E+01  0.116662622488545E+00
       0.242999999999997E+01  0.116816991744421E+00
       0.243099999999997E+01  0.116971572855934E+00
       0.243199999999997E+01  0.117126366205679E+00
       0.243299999999997E+01  0.117281372177177E+00
       0.243399999999997E+01  0.117436591154883E+00
       0.243499999999997E+01  0.117592023524185E+00
       0.243599999999997E+01  0.117747669671409E+00
       0.243699999999997E+01  0.117903529983820E+00
       0.243799999999997E+01  0.118059604849625E+00
       0.243899999999997E+01  0.118215894657980E+00
       0.243999999999997E+01  0.118372399798989E+00
       0.244099999999997E+01  0.118529120663703E+00
       0.244199999999997E+01  0.118686057644133E+00
       0.244299999999997E+01  0.118843211133246E+00
       0.244399999999997E+01  0.119000581524967E+00
       0.244499999999997E+01  0.119158169214186E+00
       0.244599999999997E+01  0.119315974596762E+00
       0.244699999999997E+01  0.119473998069517E+00
       0.244799999999997E+01  0.119632240030250E+00
       0.244899999999997E+01  0.119790700877735E+00
       0.244999999999997E+01  0.119949381011722E+00
       0.245099999999997E+01  0.120108280832944E+00
       0.245199999999997E+01  0.120267400743118E+00
       0.245299999999997E+01  0.120426741144948E+00
       0.245399999999997E+01  0.120586302442128E+00
       0.245499999999997E+01  0.120746085039345E+00
       0.245599999999997E+01  0.120906089342285E+00
       0.245699999999997E+01  0.121066315757631E+00
       0.245799999999997E+01  0.121226764693070E+00
       0.245899999999997E+01  0.121387436557293E+00
       0.245999999999997E+01  0.121548331760004E+00
       0.246099999999997E+01  0.121709450711913E+00
       0.246199999999997E+01  0.121870793824752E+00
       0.246299999999997E+01  0.122032361511265E+00
       0.246399999999997E+01  0.122194154185221E+00
       0.246499999999997E+01  0.122356172261414E+00
       0.246599999999997E+01  0.122518416155665E+00
       0.246699999999997E+01  0.122680886284825E+00
       0.246799999999997E+01  0.122843583066781E+00
       0.246899999999997E+01  0.123006506920456E+00
       0.246999999999997E+01  0.123169658265816E+00
       0.247099999999997E+01  0.123333037523869E+00
       0.247199999999997E+01  0.123496645116670E+00
       0.247299999999997E+01  0.123660481467328E+00
       0.247399999999997E+01  0.123824547000000E+00
       0.247499999999997E+01  0.123988842139908E+00
       0.247599999999997E+01  0.124153367313326E+00
       0.247699999999997E+01  0.124318122947598E+00
       0.247799999999997E+01  0.124483109471132E+00
       0.247899999999997E+01  0.124648327313408E+00
       0.247999999999997E+01  0.124813776904980E+00
       0.248099999999997E+01  0.124979458677478E+00
       0.248199999999997E+01  0.125145373063615E+00
       0.248299999999997E+01  0.125311520497184E+00
       0.248399999999997E+01  0.125477901413069E+00
       0.248499999999997E+01  0.125644516247243E+00
       0.248599999999997E+01  0.125811365436775E+00
       0.248699999999997E+01  0.125978449419832E+00
       0.248799999999997E+01  0.126145768635679E+00
       0.248899999999997E+01  0.126313323524690E+00
       0.248999999999997E+01  0.126481114528345E+00
       0.249099999999997E+01  0.126649142089235E+00
       0.249199999999997E+01  0.126817406651069E+00
       0.249299999999997E+01  0.126985908658673E+00
       0.249399999999997E+01  0.127154648557995E+00
       0.249499999999997E+01  0.127323626796110E+00
       0.249599999999997E+01  0.127492843821222E+00
       0.249699999999997E+01  0.127662300082669E+00
       0.249799999999997E+01  0.127831996030925E+00
       0.249899999999997E+01  0.128001932117606E+00
       0.249999999999997E+01  0.128172108795468E+00
       0.250099999999997E+01  0.128342526518419E+00
       0.250199999999997E+01  0.128513185741518E+00
       0.250299999999997E+01  0.128684086920975E+00
       0.250399999999997E+01  0.128855230514163E+00
       0.250499999999997E+01  0.129026616979615E+00
       0.250599999999997E+01  0.129198246777033E+00
       0.250699999999997E+01  0.129370120367285E+00
       0.250799999999997E+01  0.129542238212415E+00
       0.250899999999997E+01  0.129714600775646E+00
       0.250999999999997E+01  0.129887208521378E+00
       0.251099999999997E+01  0.130060061915198E+00
       0.251199999999997E+01  0.130233161423884E+00
       0.251299999999997E+01  0.130406507515404E+00
       0.251399999999997E+01  0.130580100658925E+00
       0.251499999999997E+01  0.130753941324810E+00
       0.251599999999997E+01  0.130928029984628E+00
       0.251699999999997E+01  0.131102367111160E+00
       0.251799999999997E+01  0.131276953178395E+00
       0.251899999999997E+01  0.131451788661538E+00
       0.251999999999996E+01  0.131626874037016E+00
       0.252099999999996E+01  0.131802209782477E+00
       0.252199999999996E+01  0.131977796376800E+00
       0.252299999999996E+01  0.132153634300094E+00
       0.252399999999996E+01  0.132329724033702E+00
       0.252499999999996E+01  0.132506066060212E+00
       0.252599999999996E+01  0.132682660863449E+00
       0.252699999999996E+01  0.132859508928492E+00
       0.252799999999996E+01  0.133036610741668E+00
       0.252899999999996E+01  0.133213966790561E+00
       0.252999999999996E+01  0.133391577564018E+00
       0.253099999999996E+01  0.133569443552144E+00
       0.253199999999996E+01  0.133747565246317E+00
       0.253299999999996E+01  0.133925943139189E+00
       0.253399999999996E+01  0.134104577724682E+00
       0.253499999999996E+01  0.134283469498005E+00
       0.253599999999996E+01  0.134462618955651E+00
       0.253699999999996E+01  0.134642026595398E+00
       0.253799999999996E+01  0.134821692916323E+00
       0.253899999999996E+01  0.135001618418796E+00
       0.253999999999996E+01  0.135181803604493E+00
       0.254099999999996E+01  0.135362248976393E+00
       0.254199999999996E+01  0.135542955038788E+00
       0.254299999999996E+01  0.135723922297282E+00
       0.254399999999996E+01  0.135905151258802E+00
       0.254499999999996E+01  0.136086642431594E+00
       0.254599999999996E+01  0.136268396325235E+00
       0.254699999999996E+01  0.136450413450634E+00
       0.254799999999996E+01  0.136632694320036E+00
       0.254899999999996E+01  0.136815239447026E+00
       0.254999999999996E+01  0.136998049346536E+00
       0.255099999999996E+01  0.137181124534848E+00
       0.255199999999996E+01  0.137364465529599E+00
       0.255299999999996E+01  0.137548072849782E+00
       0.255399999999996E+01  0.137731947015755E+00
       0.255499999999996E+01  0.137916088549247E+00
       0.255599999999996E+01  0.138100497973355E+00
       0.255699999999996E+01  0.138285175812554E+00
       0.255799999999996E+01  0.138470122592703E+00
       0.255899999999996E+01  0.138655338841045E+00
       0.255999999999996E+01  0.138840825086214E+00
       0.256099999999996E+01  0.139026581858241E+00
       0.256199999999996E+01  0.139212609688557E+00
       0.256299999999996E+01  0.139398909109994E+00
       0.256399999999996E+01  0.139585480656799E+00
       0.256499999999996E+01  0.139772324864631E+00
       0.256599999999996E+01  0.139959442270566E+00
       0.256699999999996E+01  0.140146833413107E+00
       0.256799999999996E+01  0.140334498832184E+00
       0.256899999999996E+01  0.140522439069159E+00
       0.256999999999996E+01  0.140710654666833E+00
       0.257099999999996E+01  0.140899146169452E+00
       0.257199999999996E+01  0.141087914122706E+00
       0.257299999999996E+01  0.141276959073742E+00
       0.257399999999996E+01  0.141466281571160E+00
       0.257499999999996E+01  0.141655882165026E+00
       0.257599999999996E+01  0.141845761406872E+00
       0.257699999999996E+01  0.142035919849701E+00
       0.257799999999996E+01  0.142226358047996E+00
       0.257899999999996E+01  0.142417076557721E+00
       0.257999999999996E+01  0.142608075936325E+00
       0.258099999999996E+01  0.142799356742754E+00
       0.258199999999996E+01  0.142990919537450E+00
       0.258299999999996E+01  0.143182764882353E+00
       0.258399999999996E+01  0.143374893340916E+00
       0.258499999999996E+01  0.143567305478102E+00
       0.258599999999996E+01  0.143760001860393E+00
       0.258699999999996E+01  0.143952983055793E+00
       0.258799999999996E+01  0.144146249633835E+00
       0.258899999999996E+01  0.144339802165585E+00
       0.258999999999996E+01  0.144533641223648E+00
       0.259099999999996E+01  0.144727767382171E+00
       0.259199999999996E+01  0.144922181216853E+00
       0.259299999999996E+01  0.145116883304945E+00
       0.259399999999996E+01  0.145311874225259E+00
       0.259499999999996E+01  0.145507154558172E+00
       0.259599999999996E+01  0.145702724885631E+00
       0.259699999999996E+01  0.145898585791158E+00
       0.259799999999996E+01  0.146094737859858E+00
       0.259899999999996E+01  0.146291181678421E+00
       0.259999999999996E+01  0.146487917835129E+00
       0.260099999999996E+01  0.146684946919865E+00
       0.260199999999996E+01  0.146882269524109E+00
       0.260299999999996E+01  0.147079886240954E+00
       0.260399999999996E+01  0.147277797665105E+00
       0.260499999999996E+01  0.147476004392890E+00
       0.260599999999996E+01  0.147674507022257E+00
       0.260699999999996E+01  0.147873306152789E+00
       0.260799999999996E+01  0.148072402385703E+00
       0.260899999999996E+01  0.148271796323860E+00
       0.260999999999996E+01  0.148471488571768E+00
       0.261099999999995E+01  0.148671479735587E+00
       0.261199999999995E+01  0.148871770423138E+00
       0.261299999999995E+01  0.149072361243908E+00
       0.261399999999995E+01  0.149273252809053E+00
       0.261499999999995E+01  0.149474445731404E+00
       0.261599999999995E+01  0.149675940625479E+00
       0.261699999999995E+01  0.149877738107480E+00
       0.261799999999995E+01  0.150079838795305E+00
       0.261899999999995E+01  0.150282243308552E+00
       0.261999999999995E+01  0.150484952268524E+00
       0.262099999999995E+01  0.150687966298238E+00
       0.262199999999995E+01  0.150891286022427E+00
       0.262299999999995E+01  0.151094912067548E+00
       0.262399999999995E+01  0.151298845061789E+00
       0.262499999999995E+01  0.151503085635072E+00
       0.262599999999995E+01  0.151707634419064E+00
       0.262699999999995E+01  0.151912492047176E+00
       0.262799999999995E+01  0.152117659154579E+00
       0.262899999999995E+01  0.152323136378200E+00
       0.262999999999995E+01  0.152528924356733E+00
       0.263099999999995E+01  0.152735023730646E+00
       0.263199999999995E+01  0.152941435142187E+00
       0.263299999999995E+01  0.153148159235386E+00
       0.263399999999995E+01  0.153355196656070E+00
       0.263499999999995E+01  0.153562548051858E+00
       0.263599999999995E+01  0.153770214072177E+00
       0.263699999999995E+01  0.153978195368265E+00
       0.263799999999995E+01  0.154186492593174E+00
       0.263899999999995E+01  0.154395106401782E+00
       0.263999999999995E+01  0.154604037450798E+00
       0.264099999999995E+01  0.154813286398762E+00
       0.264199999999995E+01  0.155022853906065E+00
       0.264299999999995E+01  0.155232740634942E+00
       0.264399999999995E+01  0.155442947249484E+00
       0.264499999999995E+01  0.155653474415647E+00
       0.264599999999995E+01  0.155864322801256E+00
       0.264699999999995E+01  0.156075493076011E+00
       0.264799999999995E+01  0.156286985911496E+00
       0.264899999999995E+01  0.156498801981181E+00
       0.264999999999995E+01  0.156710941960437E+00
       0.265099999999995E+01  0.156923406526534E+00
       0.265199999999995E+01  0.157136196358654E+00
       0.265299999999995E+01  0.157349312137894E+00
       0.265399999999995E+01  0.157562754547274E+00
       0.265499999999995E+01  0.157776524271748E+00
       0.265599999999995E+01  0.157990621998202E+00
       0.265699999999995E+01  0.158205048415470E+00
       0.265799999999995E+01  0.158419804214336E+00
       0.265899999999995E+01  0.158634890087541E+00
       0.265999999999995E+01  0.158850306729792E+00
       0.266099999999995E+01  0.159066054837769E+00
       0.266199999999995E+01  0.159282135110131E+00
       0.266299999999995E+01  0.159498548247523E+00
       0.266399999999995E+01  0.159715294952583E+00
       0.266499999999995E+01  0.159932375929953E+00
       0.266599999999995E+01  0.160149791886278E+00
       0.266699999999995E+01  0.160367543530224E+00
       0.266799999999995E+01  0.160585631572476E+00
       0.266899999999995E+01  0.160804056725750E+00
       0.266999999999995E+01  0.161022819704800E+00
       0.267099999999995E+01  0.161241921226423E+00
       0.267199999999995E+01  0.161461362009470E+00
       0.267299999999995E+01  0.161681142774851E+00
       0.267399999999995E+01  0.161901264245544E+00
       0.267499999999995E+01  0.162121727146600E+00
       0.267599999999995E+01  0.162342532205153E+00
       0.267699999999995E+01  0.162563680150427E+00
       0.267799999999995E+01  0.162785171713743E+00
       0.267899999999995E+01  0.163007007628530E+00
       0.267999999999995E+01  0.163229188630323E+00
       0.268099999999995E+01  0.163451715456785E+00
       0.268199999999995E+01  0.163674588847704E+00
       0.268299999999995E+01  0.163897809545003E+00
       0.268399999999995E+01  0.164121378292751E+00
       0.268499999999995E+01  0.164345295837168E+00
       0.268599999999995E+01  0.164569562926634E+00
       0.268699999999995E+01  0.164794180311697E+00
       0.268799999999995E+01  0.165019148745078E+00
       0.268899999999995E+01  0.165244468981685E+00
       0.268999999999995E+01  0.165470141778617E+00
       0.269099999999995E+01  0.165696167895172E+00
       0.269199999999995E+01  0.165922548092855E+00
       0.269299999999995E+01  0.166149283135391E+00
       0.269399999999995E+01  0.166376373788722E+00
       0.269499999999995E+01  0.166603820821032E+00
       0.269599999999995E+01  0.166831625002736E+00
       0.269699999999995E+01  0.167059787106506E+00
       0.269799999999995E+01  0.167288307907268E+00
       0.269899999999995E+01  0.167517188182212E+00
       0.269999999999995E+01  0.167746428710806E+00
       0.270099999999995E+01  0.167976030274798E+00
       0.270199999999994E+01  0.168205993658229E+00
       0.270299999999994E+01  0.168436319647437E+00
       0.270399999999994E+01  0.168667009031072E+00
       0.270499999999994E+01  0.168898062600098E+00
       0.270599999999994E+01  0.169129481147806E+00
       0.270699999999994E+01  0.169361265469820E+00
       0.270799999999994E+01  0.169593416364108E+00
       0.270899999999994E+01  0.169825934630990E+00
       0.270999999999994E+01  0.170058821073144E+00
       0.271099999999994E+01  0.170292076495622E+00
       0.271199999999994E+01  0.170525701705850E+00
       0.271299999999994E+01  0.170759697513643E+00
       0.271399999999994E+01  0.170994064731214E+00
       0.271499999999994E+01  0.171228804173176E+00
       0.271599999999994E+01  0.171463916656563E+00
       0.271699999999994E+01  0.171699403000826E+00
       0.271799999999994E+01  0.171935264027853E+00
       0.271899999999994E+01  0.172171500561974E+00
       0.271999999999994E+01  0.172408113429964E+00
       0.272099999999994E+01  0.172645103461066E+00
       0.272199999999994E+01  0.172882471486987E+00
       0.272299999999994E+01  0.173120218341916E+00
       0.272399999999994E+01  0.173358344862527E+00
       0.272499999999994E+01  0.173596851887996E+00
       0.272599999999994E+01  0.173835740260002E+00
       0.272699999999994E+01  0.174075010822743E+00
       0.272799999999994E+01  0.174314664422943E+00
       0.272899999999994E+01  0.174554701909863E+00
       0.272999999999994E+01  0.174795124135306E+00
       0.273099999999994E+01  0.175035931953635E+00
       0.273199999999994E+01  0.175277126221773E+00
       0.273299999999994E+01  0.175518707799222E+00
       0.273399999999994E+01  0.175760677548066E+00
       0.273499999999994E+01  0.176003036332987E+00
       0.273599999999994E+01  0.176245785021267E+00
       0.273699999999994E+01  0.176488924482805E+00
       0.273799999999994E+01  0.176732455590123E+00
       0.273899999999994E+01  0.176976379218381E+00
       0.273999999999994E+01  0.177220696245380E+00
       0.274099999999994E+01  0.177465407551578E+00
       0.274199999999994E+01  0.177710514020096E+00
       0.274299999999994E+01  0.177956016536732E+00
       0.274399999999994E+01  0.178201915989971E+00
       0.274499999999994E+01  0.178448213270990E+00
       0.274599999999994E+01  0.178694909273677E+00
       0.274699999999994E+01  0.178942004894632E+00
       0.274799999999994E+01  0.179189501033188E+00
       0.274899999999994E+01  0.179437398591412E+00
       0.274999999999994E+01  0.179685698474120E+00
       0.275099999999994E+01  0.179934401588888E+00
       0.275199999999994E+01  0.180183508846064E+00
       0.275299999999994E+01  0.180433021158771E+00
       0.275399999999994E+01  0.180682939442932E+00
       0.275499999999994E+01  0.180933264617262E+00
       0.275599999999994E+01  0.181183997603299E+00
       0.275699999999994E+01  0.181435139325399E+00
       0.275799999999994E+01  0.181686690710756E+00
       0.275899999999994E+01  0.181938652689411E+00
       0.275999999999994E+01  0.182191026194260E+00
       0.276099999999994E+01  0.182443812161070E+00
       0.276199999999994E+01  0.182697011528485E+00
       0.276299999999994E+01  0.182950625238045E+00
       0.276399999999994E+01  0.183204654234187E+00
       0.276499999999994E+01  0.183459099464265E+00
       0.276599999999994E+01  0.183713961878560E+00
       0.276699999999994E+01  0.183969242430286E+00
       0.276799999999994E+01  0.184224942075608E+00
       0.276899999999994E+01  0.184481061773650E+00
       0.276999999999994E+01  0.184737602486508E+00
       0.277099999999994E+01  0.184994565179262E+00
       0.277199999999994E+01  0.185251950819986E+00
       0.277299999999994E+01  0.185509760379763E+00
       0.277399999999994E+01  0.185767994832693E+00
       0.277499999999994E+01  0.186026655155906E+00
       0.277599999999994E+01  0.186285742329581E+00
       0.277699999999994E+01  0.186545257336945E+00
       0.277799999999994E+01  0.186805201164294E+00
       0.277899999999994E+01  0.187065574801006E+00
       0.277999999999994E+01  0.187326379239548E+00
       0.278099999999994E+01  0.187587615475492E+00
       0.278199999999994E+01  0.187849284507525E+00
       0.278299999999994E+01  0.188111387337464E+00
       0.278399999999994E+01  0.188373924970268E+00
       0.278499999999994E+01  0.188636898414046E+00
       0.278599999999994E+01  0.188900308680078E+00
       0.278699999999994E+01  0.189164156782819E+00
       0.278799999999994E+01  0.189428443739919E+00
       0.278899999999994E+01  0.189693170572230E+00
       0.278999999999994E+01  0.189958338303823E+00
       0.279099999999994E+01  0.190223947961998E+00
       0.279199999999993E+01  0.190490000577299E+00
       0.279299999999993E+01  0.190756497183526E+00
       0.279399999999993E+01  0.191023438817750E+00
       0.279499999999993E+01  0.191290826520323E+00
       0.279599999999993E+01  0.191558661334892E+00
       0.279699999999993E+01  0.191826944308413E+00
       0.279799999999993E+01  0.192095676491170E+00
       0.279899999999993E+01  0.192364858936777E+00
       0.279999999999993E+01  0.192634492702197E+00
       0.280099999999993E+01  0.192904578847761E+00
       0.280199999999993E+01  0.193175118437174E+00
       0.280299999999993E+01  0.193446112537529E+00
       0.280399999999993E+01  0.193717562219329E+00
       0.280499999999993E+01  0.193989468556489E+00
       0.280599999999993E+01  0.194261832626359E+00
       0.280699999999993E+01  0.194534655509735E+00
       0.280799999999993E+01  0.194807938290872E+00
       0.280899999999993E+01  0.195081682057499E+00
       0.280999999999993E+01  0.195355887900834E+00
       0.281099999999993E+01  0.195630556915598E+00
       0.281199999999993E+01  0.195905690200025E+00
       0.281299999999993E+01  0.196181288855887E+00
       0.281399999999993E+01  0.196457353988496E+00
       0.281499999999993E+01  0.196733886706724E+00
       0.281599999999993E+01  0.197010888123024E+00
       0.281699999999993E+01  0.197288359353433E+00
       0.281799999999993E+01  0.197566301517595E+00
       0.281899999999993E+01  0.197844715738769E+00
       0.281999999999993E+01  0.198123603143854E+00
       0.282099999999993E+01  0.198402964863395E+00
       0.282199999999993E+01  0.198682802031600E+00
       0.282299999999993E+01  0.198963115786360E+00
       0.282399999999993E+01  0.199243907269257E+00
       0.282499999999993E+01  0.199525177625584E+00
       0.282599999999993E+01  0.199806928004359E+00
       0.282699999999993E+01  0.200089159558342E+00
       0.282799999999993E+01  0.200371873444047E+00
       0.282899999999993E+01  0.200655070821761E+00
       0.282999999999993E+01  0.200938752855559E+00
       0.283099999999993E+01  0.201222920713316E+00
       0.283199999999993E+01  0.201507575566733E+00
       0.283299999999993E+01  0.201792718591338E+00
       0.283399999999993E+01  0.202078350966514E+00
       0.283499999999993E+01  0.202364473875512E+00
       0.283599999999993E+01  0.202651088505462E+00
       0.283699999999993E+01  0.202938196047399E+00
       0.283799999999993E+01  0.203225797696270E+00
       0.283899999999993E+01  0.203513894650957E+00
       0.283999999999993E+01  0.203802488114286E+00
       0.284099999999993E+01  0.204091579293054E+00
       0.284199999999993E+01  0.204381169398037E+00
       0.284299999999993E+01  0.204671259644010E+00
       0.284399999999993E+01  0.204961851249764E+00
       0.284499999999993E+01  0.205252945438124E+00
       0.284599999999993E+01  0.205544543435960E+00
       0.284699999999993E+01  0.205836646474214E+00
       0.284799999999993E+01  0.206129255787908E+00
       0.284899999999993E+01  0.206422372616170E+00
       0.284999999999993E+01  0.206715998202240E+00
       0.285099999999993E+01  0.207010133793497E+00
       0.285199999999993E+01  0.207304780641477E+00
       0.285299999999993E+01  0.207599940001881E+00
       0.285399999999993E+01  0.207895613134602E+00
       0.285499999999993E+01  0.208191801303742E+00
       0.285599999999993E+01  0.208488505777624E+00
       0.285699999999993E+01  0.208785727828813E+00
       0.285799999999993E+01  0.209083468734141E+00
       0.285899999999993E+01  0.209381729774710E+00
       0.285999999999993E+01  0.209680512235926E+00
       0.286099999999993E+01  0.209979817407510E+00
       0.286199999999993E+01  0.210279646583514E+00
       0.286299999999993E+01  0.210580001062344E+00
       0.286399999999993E+01  0.210880882146779E+00
       0.286499999999993E+01  0.211182291143987E+00
       0.286599999999993E+01  0.211484229365544E+00
       0.286699999999993E+01  0.211786698127455E+00
       0.286799999999993E+01  0.212089698750175E+00
       0.286899999999993E+01  0.212393232558619E+00
       0.286999999999993E+01  0.212697300882192E+00
       0.287099999999993E+01  0.213001905054803E+00
       0.287199999999993E+01  0.213307046414886E+00
       0.287299999999993E+01  0.213612726305416E+00
       0.287399999999993E+01  0.213918946073937E+00
       0.287499999999993E+01  0.214225707072572E+00
       0.287599999999993E+01  0.214533010658047E+00
       0.287699999999993E+01  0.214840858191716E+00
       0.287799999999993E+01  0.215149251039570E+00
       0.287899999999993E+01  0.215458190572270E+00
       0.287999999999993E+01  0.215767678165156E+00
       0.288099999999993E+01  0.216077715198275E+00
       0.288199999999993E+01  0.216388303056400E+00
       0.288299999999992E+01  0.216699443129045E+00
       0.288399999999992E+01  0.217011136810494E+00
       0.288499999999992E+01  0.217323385499819E+00
       0.288599999999992E+01  0.217636190600896E+00
       0.288699999999992E+01  0.217949553522436E+00
       0.288799999999992E+01  0.218263475677993E+00
       0.288899999999992E+01  0.218577958485999E+00
       0.288999999999992E+01  0.218893003369779E+00
       0.289099999999992E+01  0.219208611757566E+00
       0.289199999999992E+01  0.219524785082538E+00
       0.289299999999992E+01  0.219841524782825E+00
       0.289399999999992E+01  0.220158832301541E+00
       0.289499999999992E+01  0.220476709086799E+00
       0.289599999999992E+01  0.220795156591737E+00
       0.289699999999992E+01  0.221114176274539E+00
       0.289799999999992E+01  0.221433769598462E+00
       0.289899999999992E+01  0.221753938031849E+00
       0.289999999999992E+01  0.222074683048159E+00
       0.290099999999992E+01  0.222396006125984E+00
       0.290199999999992E+01  0.222717908749082E+00
       0.290299999999992E+01  0.223040392406390E+00
       0.290399999999992E+01  0.223363458592051E+00
       0.290499999999992E+01  0.223687108805433E+00
       0.290599999999992E+01  0.224011344551160E+00
       0.290699999999992E+01  0.224336167339135E+00
       0.290799999999992E+01  0.224661578684553E+00
       0.290899999999992E+01  0.224987580107934E+00
       0.290999999999992E+01  0.225314173135147E+00
       0.291099999999992E+01  0.225641359297432E+00
       0.291199999999992E+01  0.225969140131420E+00
       0.291299999999992E+01  0.226297517179165E+00
       0.291399999999992E+01  0.226626491988162E+00
       0.291499999999992E+01  0.226956066111376E+00
       0.291599999999992E+01  0.227286241107263E+00
       0.291699999999992E+01  0.227617018539798E+00
       0.291799999999992E+01  0.227948399978498E+00
       0.291899999999992E+01  0.228280386998447E+00
       0.291999999999992E+01  0.228612981180320E+00
       0.292099999999992E+01  0.228946184110416E+00
       0.292199999999992E+01  0.229279997380673E+00
       0.292299999999992E+01  0.229614422588693E+00
       0.292399999999992E+01  0.229949461337786E+00
       0.292499999999992E+01  0.230285115236972E+00
       0.292599999999992E+01  0.230621385901021E+00
       0.292699999999992E+01  0.230958274950478E+00
       0.292799999999992E+01  0.231295784011685E+00
       0.292899999999992E+01  0.231633914716813E+00
       0.292999999999992E+01  0.231972668703880E+00
       0.293099999999992E+01  0.232312047616788E+00
       0.293199999999992E+01  0.232652053105345E+00
       0.293299999999992E+01  0.232992686825291E+00
       0.293399999999992E+01  0.233333950438325E+00
       0.293499999999992E+01  0.233675845612139E+00
       0.293599999999992E+01  0.234018374020435E+00
       0.293699999999992E+01  0.234361537342962E+00
       0.293799999999992E+01  0.234705337265538E+00
       0.293899999999992E+01  0.235049775480082E+00
       0.293999999999992E+01  0.235394853684636E+00
       0.294099999999992E+01  0.235740573583403E+00
       0.294199999999992E+01  0.236086936886767E+00
       0.294299999999992E+01  0.236433945311324E+00
       0.294399999999992E+01  0.236781600579914E+00
       0.294499999999992E+01  0.237129904421644E+00
       0.294599999999992E+01  0.237478858571926E+00
       0.294699999999992E+01  0.237828464772493E+00
       0.294799999999992E+01  0.238178724771443E+00
       0.294899999999992E+01  0.238529640323260E+00
       0.294999999999992E+01  0.238881213188843E+00
       0.295099999999992E+01  0.239233445135542E+00
       0.295199999999992E+01  0.239586337937183E+00
       0.295299999999992E+01  0.239939893374103E+00
       0.295399999999992E+01  0.240294113233173E+00
       0.295499999999992E+01  0.240648999307836E+00
       0.295599999999992E+01  0.241004553398135E+00
       0.295699999999992E+01  0.241360777310742E+00
       0.295799999999992E+01  0.241717672858993E+00
       0.295899999999992E+01  0.242075241862918E+00
       0.295999999999992E+01  0.242433486149272E+00
       0.296099999999992E+01  0.242792407551565E+00
       0.296199999999992E+01  0.243152007910096E+00
       0.296299999999992E+01  0.243512289071985E+00
       0.296399999999992E+01  0.243873252891208E+00
       0.296499999999992E+01  0.244234901228621E+00
       0.296599999999992E+01  0.244597235952006E+00
       0.296699999999992E+01  0.244960258936085E+00
       0.296799999999992E+01  0.245323972062573E+00
       0.296899999999992E+01  0.245688377220196E+00
       0.296999999999992E+01  0.246053476304739E+00
       0.297099999999992E+01  0.246419271219060E+00
       0.297199999999992E+01  0.246785763873142E+00
       0.297299999999992E+01  0.247152956184119E+00
       0.297399999999991E+01  0.247520850076310E+00
       0.297499999999991E+01  0.247889447481256E+00
       0.297599999999991E+01  0.248258750337747E+00
       0.297699999999991E+01  0.248628760591874E+00
       0.297799999999991E+01  0.248999480197040E+00
       0.297899999999991E+01  0.249370911114018E+00
       0.297999999999991E+01  0.249743055310970E+00
       0.298099999999991E+01  0.250115914763489E+00
       0.298199999999991E+01  0.250489491454640E+00
       0.298299999999991E+01  0.250863787374988E+00
       0.298399999999991E+01  0.251238804522633E+00
       0.298499999999991E+01  0.251614544903253E+00
       0.298599999999991E+01  0.251991010530142E+00
       0.298699999999991E+01  0.252368203424237E+00
       0.298799999999991E+01  0.252746125614163E+00
       0.298899999999991E+01  0.253124779136266E+00
       0.298999999999991E+01  0.253504166034658E+00
       0.299099999999991E+01  0.253884288361244E+00
       0.299199999999991E+01  0.254265148175769E+00
       0.299299999999991E+01  0.254646747545850E+00
       0.299399999999991E+01  0.255029088547019E+00
       0.299499999999991E+01  0.255412173262757E+00
       0.299599999999991E+01  0.255796003784539E+00
       0.299699999999991E+01  0.256180582211866E+00
       0.299799999999991E+01  0.256565910652311E+00
       0.299899999999991E+01  0.256951991221551E+00
       0.299999999999991E+01  0.257338826043415E+00
       0.300099999999991E+01  0.257726417249922E+00
       0.300199999999991E+01  0.258114766981313E+00
       0.300299999999991E+01  0.258503877386103E+00
       0.300399999999991E+01  0.258893750621115E+00
       0.300499999999991E+01  0.259284388851525E+00
       0.300599999999991E+01  0.259675794250898E+00
       0.300699999999991E+01  0.260067969001234E+00
       0.300799999999991E+01  0.260460915293007E+00
       0.300899999999991E+01  0.260854635325212E+00
       0.300999999999991E+01  0.261249131305397E+00
       0.301099999999991E+01  0.261644405449718E+00
       0.301199999999991E+01  0.262040459982971E+00
       0.301299999999991E+01  0.262437297138645E+00
       0.301399999999991E+01  0.262834919158955E+00
       0.301499999999991E+01  0.263233328294892E+00
       0.301599999999991E+01  0.263632526806267E+00
       0.301699999999991E+01  0.264032516961752E+00
       0.301799999999991E+01  0.264433301038925E+00
       0.301899999999991E+01  0.264834881324315E+00
       0.301999999999991E+01  0.265237260113451E+00
       0.302099999999991E+01  0.265640439710897E+00
       0.302199999999991E+01  0.266044422430309E+00
       0.302299999999991E+01  0.266449210594473E+00
       0.302399999999991E+01  0.266854806535354E+00
       0.302499999999991E+01  0.267261212594140E+00
       0.302599999999991E+01  0.267668431121292E+00
       0.302699999999991E+01  0.268076464476589E+00
       0.302799999999991E+01  0.268485315029172E+00
       0.302899999999991E+01  0.268894985157599E+00
       0.302999999999991E+01  0.269305477249883E+00
       0.303099999999991E+01  0.269716793703550E+00
       0.303199999999991E+01  0.270128936925679E+00
       0.303299999999991E+01  0.270541909332956E+00
       0.303399999999991E+01  0.270955713351717E+00
       0.303499999999991E+01  0.271370351418005E+00
       0.303599999999991E+01  0.271785825977612E+00
       0.303699999999991E+01  0.272202139486135E+00
       0.303799999999991E+01  0.272619294409022E+00
       0.303899999999991E+01  0.273037293221622E+00
       0.303999999999991E+01  0.273456138409243E+00
       0.304099999999991E+01  0.273875832467190E+00
       0.304199999999991E+01  0.274296377900826E+00
       0.304299999999991E+01  0.274717777225624E+00
       0.304399999999991E+01  0.275140032967211E+00
       0.304499999999991E+01  0.275563147661432E+00
       0.304599999999991E+01  0.275987123854391E+00
       0.304699999999991E+01  0.276411964102511E+00
       0.304799999999991E+01  0.276837670972588E+00
       0.304899999999991E+01  0.277264247041835E+00
       0.304999999999991E+01  0.277691694897951E+00
       0.305099999999991E+01  0.278120017139163E+00
       0.305199999999991E+01  0.278549216374283E+00
       0.305299999999991E+01  0.278979295222769E+00
       0.305399999999991E+01  0.279410256314773E+00
       0.305499999999991E+01  0.279842102291202E+00
       0.305599999999991E+01  0.280274835803773E+00
       0.305699999999991E+01  0.280708459515064E+00
       0.305799999999991E+01  0.281142976098576E+00
       0.305899999999991E+01  0.281578388238792E+00
       0.305999999999991E+01  0.282014698631229E+00
       0.306099999999991E+01  0.282451909982498E+00
       0.306199999999991E+01  0.282890025010365E+00
       0.306299999999991E+01  0.283329046443799E+00
       0.306399999999991E+01  0.283768977023056E+00
       0.306499999999990E+01  0.284209819499700E+00
       0.306599999999990E+01  0.284651576636699E+00
       0.306699999999990E+01  0.285094251208461E+00
       0.306799999999990E+01  0.285537846000913E+00
       0.306899999999990E+01  0.285982363811540E+00
       0.306999999999990E+01  0.286427807449470E+00
       0.307099999999990E+01  0.286874179735514E+00
       0.307199999999990E+01  0.287321483502244E+00
       0.307299999999990E+01  0.287769721594046E+00
       0.307399999999990E+01  0.288218896867191E+00
       0.307499999999990E+01  0.288669012189888E+00
       0.307599999999990E+01  0.289120070442354E+00
       0.307699999999990E+01  0.289572074516879E+00
       0.307799999999990E+01  0.290025027317887E+00
       0.307899999999990E+01  0.290478931762000E+00
       0.307999999999990E+01  0.290933790778110E+00
       0.308099999999990E+01  0.291389607307436E+00
       0.308199999999990E+01  0.291846384303595E+00
       0.308299999999990E+01  0.292304124732669E+00
       0.308399999999990E+01  0.292762831573270E+00
       0.308499999999990E+01  0.293222507816608E+00
       0.308599999999990E+01  0.293683156466558E+00
       0.308699999999990E+01  0.294144780539729E+00
       0.308799999999990E+01  0.294607383065538E+00
       0.308899999999990E+01  0.295070967086264E+00
       0.308999999999990E+01  0.295535535657137E+00
       0.309099999999990E+01  0.296001091846394E+00
       0.309199999999990E+01  0.296467638735354E+00
       0.309299999999990E+01  0.296935179418493E+00
       0.309399999999990E+01  0.297403717003508E+00
       0.309499999999990E+01  0.297873254611395E+00
       0.309599999999990E+01  0.298343795376515E+00
       0.309699999999990E+01  0.298815342446674E+00
       0.309799999999990E+01  0.299287898983197E+00
       0.309899999999990E+01  0.299761468160989E+00
       0.309999999999990E+01  0.300236053168628E+00
       0.310099999999990E+01  0.300711657208423E+00
       0.310199999999990E+01  0.301188283496500E+00
       0.310299999999990E+01  0.301665935262874E+00
       0.310399999999990E+01  0.302144615751523E+00
       0.310499999999990E+01  0.302624328220474E+00
       0.310599999999990E+01  0.303105075941865E+00
       0.310699999999990E+01  0.303586862202038E+00
       0.310799999999990E+01  0.304069690301611E+00
       0.310899999999990E+01  0.304553563555554E+00
       0.310999999999990E+01  0.305038485293272E+00
       0.311099999999990E+01  0.305524458858684E+00
       0.311199999999990E+01  0.306011487610306E+00
       0.311299999999990E+01  0.306499574921329E+00
       0.311399999999990E+01  0.306988724179699E+00
       0.311499999999990E+01  0.307478938788204E+00
       0.311599999999990E+01  0.307970222164551E+00
       0.311699999999990E+01  0.308462577741455E+00
       0.311799999999990E+01  0.308956008966722E+00
       0.311899999999990E+01  0.309450519303325E+00
       0.311999999999990E+01  0.309946112229501E+00
       0.312099999999990E+01  0.310442791238830E+00
       0.312199999999990E+01  0.310940559840315E+00
       0.312299999999990E+01  0.311439421558489E+00
       0.312399999999990E+01  0.311939379933474E+00
       0.312499999999990E+01  0.312440438521092E+00
       0.312599999999990E+01  0.312942600892943E+00
       0.312699999999990E+01  0.313445870636498E+00
       0.312799999999990E+01  0.313950251355183E+00
       0.312899999999990E+01  0.314455746668470E+00
       0.312999999999990E+01  0.314962360211981E+00
       0.313099999999990E+01  0.315470095637559E+00
       0.313199999999990E+01  0.315978956613373E+00
       0.313299999999990E+01  0.316488946824012E+00
       0.313399999999990E+01  0.317000069970569E+00
       0.313499999999990E+01  0.317512329770738E+00
       0.313599999999990E+01  0.318025729958921E+00
       0.313699999999990E+01  0.318540274286301E+00
       0.313799999999990E+01  0.319055966520963E+00
       0.313899999999990E+01  0.319572810447963E+00
       0.313999999999990E+01  0.320090809869450E+00
       0.314099999999990E+01  0.320609968604751E+00
       0.314199999999990E+01  0.321130290490474E+00
       0.314299999999990E+01  0.321651779380604E+00
       0.314399999999990E+01  0.322174439146600E+00
       0.314499999999990E+01  0.322698273677511E+00
       0.314599999999990E+01  0.323223286880059E+00
       0.314699999999990E+01  0.323749482678750E+00
       0.314799999999990E+01  0.324276865015976E+00
       0.314899999999990E+01  0.324805437852122E+00
       0.314999999999990E+01  0.325335205165659E+00
       0.315099999999990E+01  0.325866170953262E+00
       0.315199999999990E+01  0.326398339229908E+00
       0.315299999999990E+01  0.326931714028984E+00
       0.315399999999990E+01  0.327466299402397E+00
       0.315499999999989E+01  0.328002099420676E+00
       0.315599999999989E+01  0.328539118173084E+00
       0.315699999999989E+01  0.329077359767731E+00
       0.315799999999989E+01  0.329616828331680E+00
       0.315899999999989E+01  0.330157528011059E+00
       0.315999999999989E+01  0.330699462971167E+00
       0.316099999999989E+01  0.331242637396600E+00
       0.316199999999989E+01  0.331787055491352E+00
       0.316299999999989E+01  0.332332721478938E+00
       0.316399999999989E+01  0.332879639602494E+00
       0.316499999999989E+01  0.333427814124917E+00
       0.316599999999989E+01  0.333977249328961E+00
       0.316699999999989E+01  0.334527949517359E+00
       0.316799999999989E+01  0.335079919012948E+00
       0.316899999999989E+01  0.335633162158783E+00
       0.316999999999989E+01  0.336187683318256E+00
       0.317099999999989E+01  0.336743486875218E+00
       0.317199999999989E+01  0.337300577234106E+00
       0.317299999999989E+01  0.337858958820056E+00
       0.317399999999989E+01  0.338418636079032E+00
       0.317499999999989E+01  0.338979613477950E+00
       0.317599999999989E+01  0.339541895504803E+00
       0.317699999999989E+01  0.340105486668786E+00
       0.317799999999989E+01  0.340670391500423E+00
       0.317899999999989E+01  0.341236614551697E+00
       0.317999999999989E+01  0.341804160396178E+00
       0.318099999999989E+01  0.342373033629148E+00
       0.318199999999989E+01  0.342943238867744E+00
       0.318299999999989E+01  0.343514780751074E+00
       0.318399999999989E+01  0.344087663940357E+00
       0.318499999999989E+01  0.344661893119067E+00
       0.318599999999989E+01  0.345237472993043E+00
       0.318699999999989E+01  0.345814408290649E+00
       0.318799999999989E+01  0.346392703762894E+00
       0.318899999999989E+01  0.346972364183582E+00
       0.318999999999989E+01  0.347553394349440E+00
       0.319099999999989E+01  0.348135799080261E+00
       0.319199999999989E+01  0.348719583219051E+00
       0.319299999999989E+01  0.349304751632156E+00
       0.319399999999989E+01  0.349891309209421E+00
       0.319499999999989E+01  0.350479260864324E+00
       0.319599999999989E+01  0.351068611534121E+00
       0.319699999999989E+01  0.351659366179998E+00
       0.319799999999989E+01  0.352251529787205E+00
       0.319899999999989E+01  0.352845107365217E+00
       0.319999999999989E+01  0.353440103947885E+00
       0.320099999999989E+01  0.354036524593567E+00
       0.320199999999989E+01  0.354634374385297E+00
       0.320299999999989E+01  0.355233658430939E+00
       0.320399999999989E+01  0.355834381863320E+00
       0.320499999999989E+01  0.356436549840411E+00
       0.320599999999989E+01  0.357040167545457E+00
       0.320699999999989E+01  0.357645240187156E+00
       0.320799999999989E+01  0.358251772999805E+00
       0.320899999999989E+01  0.358859771243462E+00
       0.320999999999989E+01  0.359469240204104E+00
       0.321099999999989E+01  0.360080185193794E+00
       0.321199999999989E+01  0.360692611550840E+00
       0.321299999999989E+01  0.361306524639961E+00
       0.321399999999989E+01  0.361921929852446E+00
       0.321499999999989E+01  0.362538832606335E+00
       0.321599999999989E+01  0.363157238346569E+00
       0.321699999999989E+01  0.363777152545172E+00
       0.321799999999989E+01  0.364398580701414E+00
       0.321899999999989E+01  0.365021528341990E+00
       0.321999999999989E+01  0.365646001021183E+00
       0.322099999999989E+01  0.366272004321049E+00
       0.322199999999989E+01  0.366899543851581E+00
       0.322299999999989E+01  0.367528625250901E+00
       0.322399999999989E+01  0.368159254185419E+00
       0.322499999999989E+01  0.368791436350029E+00
       0.322599999999989E+01  0.369425177468285E+00
       0.322699999999989E+01  0.370060483292575E+00
       0.322799999999989E+01  0.370697359604320E+00
       0.322899999999989E+01  0.371335812214146E+00
       0.322999999999989E+01  0.371975846962076E+00
       0.323099999999989E+01  0.372617469717717E+00
       0.323199999999989E+01  0.373260686380452E+00
       0.323299999999989E+01  0.373905502879623E+00
       0.323399999999989E+01  0.374551925174737E+00
       0.323499999999989E+01  0.375199959255645E+00
       0.323599999999989E+01  0.375849611142742E+00
       0.323699999999989E+01  0.376500886887175E+00
       0.323799999999989E+01  0.377153792571027E+00
       0.323899999999989E+01  0.377808334307516E+00
       0.323999999999989E+01  0.378464518241208E+00
       0.324099999999989E+01  0.379122350548216E+00
       0.324199999999989E+01  0.379781837436393E+00
       0.324299999999989E+01  0.380442985145560E+00
       0.324399999999989E+01  0.381105799947693E+00
       0.324499999999989E+01  0.381770288147142E+00
       0.324599999999988E+01  0.382436456080838E+00
       0.324699999999988E+01  0.383104310118517E+00
       0.324799999999988E+01  0.383773856662912E+00
       0.324899999999988E+01  0.384445102149995E+00
       0.324999999999988E+01  0.385118053049174E+00
       0.325099999999988E+01  0.385792715863519E+00
       0.325199999999988E+01  0.386469097129994E+00
       0.325299999999988E+01  0.387147203419654E+00
       0.325399999999988E+01  0.387827041337899E+00
       0.325499999999988E+01  0.388508617524683E+00
       0.325599999999988E+01  0.389191938654743E+00
       0.325699999999988E+01  0.389877011437829E+00
       0.325799999999988E+01  0.390563842618949E+00
       0.325899999999988E+01  0.391252438978582E+00
       0.325999999999988E+01  0.391942807332920E+00
       0.326099999999988E+01  0.392634954534124E+00
       0.326199999999988E+01  0.393328887470533E+00
       0.326299999999988E+01  0.394024613066926E+00
       0.326399999999988E+01  0.394722138284756E+00
       0.326499999999988E+01  0.395421470122395E+00
       0.326599999999988E+01  0.396122615615390E+00
       0.326699999999988E+01  0.396825581836697E+00
       0.326799999999988E+01  0.397530375896949E+00
       0.326899999999988E+01  0.398237004944691E+00
       0.326999999999988E+01  0.398945476166645E+00
       0.327099999999988E+01  0.399655796787966E+00
       0.327199999999988E+01  0.400367974072506E+00
       0.327299999999988E+01  0.401082015323060E+00
       0.327399999999988E+01  0.401797927881641E+00
       0.327499999999988E+01  0.402515719129748E+00
       0.327599999999988E+01  0.403235396488622E+00
       0.327699999999988E+01  0.403956967419520E+00
       0.327799999999988E+01  0.404680439423995E+00
       0.327899999999988E+01  0.405405820044158E+00
       0.327999999999988E+01  0.406133116862958E+00
       0.328099999999988E+01  0.406862337504472E+00
       0.328199999999988E+01  0.407593489634161E+00
       0.328299999999988E+01  0.408326580959181E+00
       0.328399999999988E+01  0.409061619228644E+00
       0.328499999999988E+01  0.409798612233920E+00
       0.328599999999988E+01  0.410537567808924E+00
       0.328699999999988E+01  0.411278493830410E+00
       0.328799999999988E+01  0.412021398218259E+00
       0.328899999999988E+01  0.412766288935783E+00
       0.328999999999988E+01  0.413513173990020E+00
       0.329099999999988E+01  0.414262061432044E+00
       0.329199999999988E+01  0.415012959357252E+00
       0.329299999999988E+01  0.415765875905695E+00
       0.329399999999988E+01  0.416520819262369E+00
       0.329499999999988E+01  0.417277797657536E+00
       0.329599999999988E+01  0.418036819367035E+00
       0.329699999999988E+01  0.418797892712600E+00
       0.329799999999988E+01  0.419561026062183E+00
       0.329899999999988E+01  0.420326227830276E+00
       0.329999999999988E+01  0.421093506478227E+00
       0.330099999999988E+01  0.421862870514584E+00
       0.330199999999988E+01  0.422634328495412E+00
       0.330299999999988E+01  0.423407889024637E+00
       0.330399999999988E+01  0.424183560754378E+00
       0.330499999999988E+01  0.424961352385275E+00
       0.330599999999988E+01  0.425741272666854E+00
       0.330699999999988E+01  0.426523330397854E+00
       0.330799999999988E+01  0.427307534426581E+00
       0.330899999999988E+01  0.428093893651266E+00
       0.330999999999988E+01  0.428882417020393E+00
       0.331099999999988E+01  0.429673113533089E+00
       0.331199999999988E+01  0.430465992239466E+00
       0.331299999999988E+01  0.431261062240980E+00
       0.331399999999988E+01  0.432058332690806E+00
       0.331499999999988E+01  0.432857812794207E+00
       0.331599999999988E+01  0.433659511808896E+00
       0.331699999999988E+01  0.434463439045423E+00
       0.331799999999988E+01  0.435269603867547E+00
       0.331899999999988E+01  0.436078015692620E+00
       0.331999999999988E+01  0.436888683991962E+00
       0.332099999999988E+01  0.437701618291278E+00
       0.332199999999988E+01  0.438516828171009E+00
       0.332299999999988E+01  0.439334323266762E+00
       0.332399999999988E+01  0.440154113269683E+00
       0.332499999999988E+01  0.440976207926876E+00
       0.332599999999988E+01  0.441800617041796E+00
       0.332699999999988E+01  0.442627350474673E+00
       0.332799999999988E+01  0.443456418142906E+00
       0.332899999999988E+01  0.444287830021487E+00
       0.332999999999988E+01  0.445121596143425E+00
       0.333099999999988E+01  0.445957726600163E+00
       0.333199999999988E+01  0.446796231542006E+00
       0.333299999999988E+01  0.447637121178550E+00
       0.333399999999988E+01  0.448480405779116E+00
       0.333499999999988E+01  0.449326095673196E+00
       0.333599999999988E+01  0.450174201250881E+00
       0.333699999999987E+01  0.451024732963316E+00
       0.333799999999987E+01  0.451877701323148E+00
       0.333899999999987E+01  0.452733116904980E+00
       0.333999999999987E+01  0.453590990345819E+00
       0.334099999999987E+01  0.454451332345552E+00
       0.334199999999987E+01  0.455314153667408E+00
       0.334299999999987E+01  0.456179465138415E+00
       0.334399999999987E+01  0.457047277649886E+00
       0.334499999999987E+01  0.457917602157894E+00
       0.334599999999987E+01  0.458790449683755E+00
       0.334699999999987E+01  0.459665831314509E+00
       0.334799999999987E+01  0.460543758203421E+00
       0.334899999999987E+01  0.461424241570460E+00
       0.334999999999987E+01  0.462307292702819E+00
       0.335099999999987E+01  0.463192922955397E+00
       0.335199999999987E+01  0.464081143751327E+00
       0.335299999999987E+01  0.464971966582472E+00
       0.335399999999987E+01  0.465865403009955E+00
       0.335499999999987E+01  0.466761464664677E+00
       0.335599999999987E+01  0.467660163247838E+00
       0.335699999999987E+01  0.468561510531483E+00
       0.335799999999987E+01  0.469465518359015E+00
       0.335899999999987E+01  0.470372198645761E+00
       0.335999999999987E+01  0.471281563379504E+00
       0.336099999999987E+01  0.472193624621032E+00
       0.336199999999987E+01  0.473108394504704E+00
       0.336299999999987E+01  0.474025885239003E+00
       0.336399999999987E+01  0.474946109107106E+00
       0.336499999999987E+01  0.475869078467447E+00
       0.336599999999987E+01  0.476794805754301E+00
       0.336699999999987E+01  0.477723303478373E+00
       0.336799999999987E+01  0.478654584227364E+00
       0.336899999999987E+01  0.479588660666584E+00
       0.336999999999987E+01  0.480525545539532E+00
       0.337099999999987E+01  0.481465251668508E+00
       0.337199999999987E+01  0.482407791955231E+00
       0.337299999999987E+01  0.483353179381427E+00
       0.337399999999987E+01  0.484301427009475E+00
       0.337499999999987E+01  0.485252547983023E+00
       0.337599999999987E+01  0.486206555527608E+00
       0.337699999999987E+01  0.487163462951310E+00
       0.337799999999987E+01  0.488123283645388E+00
       0.337899999999987E+01  0.489086031084927E+00
       0.337999999999987E+01  0.490051718829491E+00
       0.338099999999987E+01  0.491020360523793E+00
       0.338199999999987E+01  0.491991969898351E+00
       0.338299999999987E+01  0.492966560770169E+00
       0.338399999999987E+01  0.493944147043412E+00
       0.338499999999987E+01  0.494924742710094E+00
       0.338599999999987E+01  0.495908361850771E+00
       0.338699999999987E+01  0.496895018635234E+00
       0.338799999999987E+01  0.497884727323222E+00
       0.338899999999987E+01  0.498877502265128E+00
       0.338999999999987E+01  0.499873357902722E+00
       0.339099999999987E+01  0.500872308769866E+00
       0.339199999999987E+01  0.501874369493268E+00
       0.339299999999987E+01  0.502879554793191E+00
       0.339399999999987E+01  0.503887879484223E+00
       0.339499999999987E+01  0.504899358476018E+00
       0.339599999999987E+01  0.505914006774062E+00
       0.339699999999987E+01  0.506931839480433E+00
       0.339799999999987E+01  0.507952871794582E+00
       0.339899999999987E+01  0.508977119014119E+00
       0.339999999999987E+01  0.510004596535583E+00
       0.340099999999987E+01  0.511035319855267E+00
       0.340199999999987E+01  0.512069304569991E+00
       0.340299999999987E+01  0.513106566377944E+00
       0.340399999999987E+01  0.514147121079483E+00
       0.340499999999987E+01  0.515190984577971E+00
       0.340599999999987E+01  0.516238172880607E+00
       0.340699999999987E+01  0.517288702099271E+00
       0.340799999999987E+01  0.518342588451385E+00
       0.340899999999987E+01  0.519399848260752E+00
       0.340999999999987E+01  0.520460497958447E+00
       0.341099999999987E+01  0.521524554083681E+00
       0.341199999999987E+01  0.522592033284691E+00
       0.341299999999987E+01  0.523662952319627E+00
       0.341399999999987E+01  0.524737328057459E+00
       0.341499999999987E+01  0.525815177478894E+00
       0.341599999999987E+01  0.526896517677284E+00
       0.341699999999987E+01  0.527981365859567E+00
       0.341799999999987E+01  0.529069739347192E+00
       0.341899999999987E+01  0.530161655577078E+00
       0.341999999999987E+01  0.531257132102566E+00
       0.342099999999987E+01  0.532356186594386E+00
       0.342199999999987E+01  0.533458836841619E+00
       0.342299999999987E+01  0.534565100752713E+00
       0.342399999999987E+01  0.535674996356443E+00
       0.342499999999987E+01  0.536788541802938E+00
       0.342599999999987E+01  0.537905755364685E+00
       0.342699999999987E+01  0.539026655437551E+00
       0.342799999999986E+01  0.540151260541838E+00
       0.342899999999986E+01  0.541279589323301E+00
       0.342999999999986E+01  0.542411660554210E+00
       0.343099999999986E+01  0.543547493134431E+00
       0.343199999999986E+01  0.544687106092485E+00
       0.343299999999986E+01  0.545830518586647E+00
       0.343399999999986E+01  0.546977749906022E+00
       0.343499999999986E+01  0.548128819471686E+00
       0.343599999999986E+01  0.549283746837785E+00
       0.343699999999986E+01  0.550442551692669E+00
       0.343799999999986E+01  0.551605253860028E+00
       0.343899999999986E+01  0.552771873300064E+00
       0.343999999999986E+01  0.553942430110641E+00
       0.344099999999986E+01  0.555116944528466E+00
       0.344199999999986E+01  0.556295436930283E+00
       0.344299999999986E+01  0.557477927834065E+00
       0.344399999999986E+01  0.558664437900231E+00
       0.344499999999986E+01  0.559854987932886E+00
       0.344599999999986E+01  0.561049598881030E+00
       0.344699999999986E+01  0.562248291839835E+00
       0.344799999999986E+01  0.563451088051888E+00
       0.344899999999986E+01  0.564658008908495E+00
       0.344999999999986E+01  0.565869075950936E+00
       0.345099999999986E+01  0.567084310871787E+00
       0.345199999999986E+01  0.568303735516244E+00
       0.345299999999986E+01  0.569527371883420E+00
       0.345399999999986E+01  0.570755242127732E+00
       0.345499999999986E+01  0.571987368560220E+00
       0.345599999999986E+01  0.573223773649941E+00
       0.345699999999986E+01  0.574464480025346E+00
       0.345799999999986E+01  0.575709510475673E+00
       0.345899999999986E+01  0.576958887952367E+00
       0.345999999999986E+01  0.578212635570515E+00
       0.346099999999986E+01  0.579470776610278E+00
       0.346199999999986E+01  0.580733334518364E+00
       0.346299999999986E+01  0.582000332909466E+00
       0.346399999999986E+01  0.583271795567806E+00
       0.346499999999986E+01  0.584547746448589E+00
       0.346599999999986E+01  0.585828209679557E+00
       0.346699999999986E+01  0.587113209562505E+00
       0.346799999999986E+01  0.588402770574838E+00
       0.346899999999986E+01  0.589696917371146E+00
       0.346999999999986E+01  0.590995674784782E+00
       0.347099999999986E+01  0.592299067829471E+00
       0.347199999999986E+01  0.593607121700917E+00
       0.347299999999986E+01  0.594919861778446E+00
       0.347399999999986E+01  0.596237313626669E+00
       0.347499999999986E+01  0.597559502997128E+00
       0.347599999999986E+01  0.598886455830011E+00
       0.347699999999986E+01  0.600218198255837E+00
       0.347799999999986E+01  0.601554756597189E+00
       0.347899999999986E+01  0.602896157370468E+00
       0.347999999999986E+01  0.604242427287635E+00
       0.348099999999986E+01  0.605593593257998E+00
       0.348199999999986E+01  0.606949682390019E+00
       0.348299999999986E+01  0.608310721993130E+00
       0.348399999999986E+01  0.609676739579562E+00
       0.348499999999986E+01  0.611047762866210E+00
       0.348599999999986E+01  0.612423819776516E+00
       0.348699999999986E+01  0.613804938442360E+00
       0.348799999999986E+01  0.615191147205981E+00
       0.348899999999986E+01  0.616582474621921E+00
       0.348999999999986E+01  0.617978949458974E+00
       0.349099999999986E+01  0.619380600702183E+00
       0.349199999999986E+01  0.620787457554840E+00
       0.349299999999986E+01  0.622199549440498E+00
       0.349399999999986E+01  0.623616906005041E+00
       0.349499999999986E+01  0.625039557118729E+00
       0.349599999999986E+01  0.626467532878315E+00
       0.349699999999986E+01  0.627900863609146E+00
       0.349799999999986E+01  0.629339579867313E+00
       0.349899999999986E+01  0.630783712441791E+00
       0.349999999999986E+01  0.632233292356653E+00
       0.350099999999986E+01  0.633688350873267E+00
       0.350199999999986E+01  0.635148919492531E+00
       0.350299999999986E+01  0.636615029957130E+00
       0.350399999999986E+01  0.638086714253827E+00
       0.350499999999986E+01  0.639564004615774E+00
       0.350599999999986E+01  0.641046933524844E+00
       0.350699999999986E+01  0.642535533713981E+00
       0.350799999999986E+01  0.644029838169627E+00
       0.350899999999986E+01  0.645529880134083E+00
       0.350999999999986E+01  0.647035693107997E+00
       0.351099999999986E+01  0.648547310852803E+00
       0.351199999999986E+01  0.650064767393240E+00
       0.351299999999986E+01  0.651588097019863E+00
       0.351399999999986E+01  0.653117334291597E+00
       0.351499999999986E+01  0.654652514038326E+00
       0.351599999999986E+01  0.656193671363511E+00
       0.351699999999986E+01  0.657740841646803E+00
       0.351799999999986E+01  0.659294060546753E+00
       0.351899999999985E+01  0.660853364003482E+00
       0.351999999999985E+01  0.662418788241432E+00
       0.352099999999985E+01  0.663990369772112E+00
       0.352199999999985E+01  0.665568145396922E+00
       0.352299999999985E+01  0.667152152209942E+00
       0.352399999999985E+01  0.668742427600822E+00
       0.352499999999985E+01  0.670339009257655E+00
       0.352599999999985E+01  0.671941935169924E+00
       0.352699999999985E+01  0.673551243631429E+00
       0.352799999999985E+01  0.675166973243312E+00
       0.352899999999985E+01  0.676789162917059E+00
       0.352999999999985E+01  0.678417851877586E+00
       0.353099999999985E+01  0.680053079666315E+00
       0.353199999999985E+01  0.681694886144328E+00
       0.353299999999985E+01  0.683343311495516E+00
       0.353399999999985E+01  0.684998396229806E+00
       0.353499999999985E+01  0.686660181186399E+00
       0.353599999999985E+01  0.688328707537035E+00
       0.353699999999985E+01  0.690004016789355E+00
       0.353799999999985E+01  0.691686150790213E+00
       0.353899999999985E+01  0.693375151729119E+00
       0.353999999999985E+01  0.695071062141631E+00
       0.354099999999985E+01  0.696773924912891E+00
       0.354199999999985E+01  0.698483783281093E+00
       0.354299999999985E+01  0.700200680841078E+00
       0.354399999999985E+01  0.701924661547925E+00
       0.354499999999985E+01  0.703655769720606E+00
       0.354599999999985E+01  0.705394050045666E+00
       0.354699999999985E+01  0.707139547580965E+00
       0.354799999999985E+01  0.708892307759458E+00
       0.354899999999985E+01  0.710652376393017E+00
       0.354999999999985E+01  0.712419799676298E+00
       0.355099999999985E+01  0.714194624190655E+00
       0.355199999999985E+01  0.715976896908105E+00
       0.355299999999985E+01  0.717766665195348E+00
       0.355399999999985E+01  0.719563976817816E+00
       0.355499999999985E+01  0.721368879943770E+00
       0.355599999999985E+01  0.723181423148490E+00
       0.355699999999985E+01  0.725001655418439E+00
       0.355799999999985E+01  0.726829626155556E+00
       0.355899999999985E+01  0.728665385181554E+00
       0.355999999999985E+01  0.730508982742273E+00
       0.356099999999985E+01  0.732360469512116E+00
       0.356199999999985E+01  0.734219896598500E+00
       0.356299999999985E+01  0.736087315546383E+00
       0.356399999999985E+01  0.737962778342858E+00
       0.356499999999985E+01  0.739846337421767E+00
       0.356599999999985E+01  0.741738045668402E+00
       0.356699999999985E+01  0.743637956424262E+00
       0.356799999999985E+01  0.745546123491852E+00
       0.356899999999985E+01  0.747462601139555E+00
       0.356999999999985E+01  0.749387444106555E+00
       0.357099999999985E+01  0.751320707607839E+00
       0.357199999999985E+01  0.753262447339223E+00
       0.357299999999985E+01  0.755212719482491E+00
       0.357399999999985E+01  0.757171580710563E+00
       0.357499999999985E+01  0.759139088192733E+00
       0.357599999999985E+01  0.761115299599976E+00
       0.357699999999985E+01  0.763100273110323E+00
       0.357799999999985E+01  0.765094067414298E+00
       0.357899999999985E+01  0.767096741720449E+00
       0.357999999999985E+01  0.769108355760887E+00
       0.358099999999985E+01  0.771128969796977E+00
       0.358199999999985E+01  0.773158644625015E+00
       0.358299999999985E+01  0.775197441582054E+00
       0.358399999999985E+01  0.777245422551759E+00
       0.358499999999985E+01  0.779302649970351E+00
       0.358599999999985E+01  0.781369186832589E+00
       0.358699999999985E+01  0.783445096697922E+00
       0.358799999999985E+01  0.785530443696606E+00
       0.358899999999985E+01  0.787625292535981E+00
       0.358999999999985E+01  0.789729708506781E+00
       0.359099999999985E+01  0.791843757489565E+00
       0.359199999999985E+01  0.793967505961181E+00
       0.359299999999985E+01  0.796101021001365E+00
       0.359399999999985E+01  0.798244370299391E+00
       0.359499999999985E+01  0.800397622160814E+00
       0.359599999999985E+01  0.802560845514313E+00
       0.359699999999985E+01  0.804734109918598E+00
       0.359799999999985E+01  0.806917485569434E+00
       0.359899999999985E+01  0.809111043306731E+00
       0.359999999999985E+01  0.811314854621766E+00
       0.360099999999985E+01  0.813528991664420E+00
       0.360199999999985E+01  0.815753527250617E+00
       0.360299999999985E+01  0.817988534869777E+00
       0.360399999999985E+01  0.820234088692396E+00
       0.360499999999985E+01  0.822490263577742E+00
       0.360599999999985E+01  0.824757135081589E+00
       0.360699999999985E+01  0.827034779464156E+00
       0.360799999999985E+01  0.829323273698058E+00
       0.360899999999984E+01  0.831622695476409E+00
       0.360999999999984E+01  0.833933123221011E+00
       0.361099999999984E+01  0.836254636090669E+00
       0.361199999999984E+01  0.838587313989626E+00
       0.361299999999984E+01  0.840931237576070E+00
       0.361399999999984E+01  0.843286488270768E+00
       0.361499999999984E+01  0.845653148265867E+00
       0.361599999999984E+01  0.848031300533731E+00
       0.361699999999984E+01  0.850421028835974E+00
       0.361799999999984E+01  0.852822417732535E+00
       0.361899999999984E+01  0.855235552590972E+00
       0.361999999999984E+01  0.857660519595759E+00
       0.362099999999984E+01  0.860097405757857E+00
       0.362199999999984E+01  0.862546298924272E+00
       0.362299999999984E+01  0.865007287787827E+00
       0.362399999999984E+01  0.867480461897059E+00
       0.362499999999984E+01  0.869965911666212E+00
       0.362599999999984E+01  0.872463728385421E+00
       0.362699999999984E+01  0.874974004230970E+00
       0.362799999999984E+01  0.877496832275776E+00
       0.362899999999984E+01  0.880032306499921E+00
       0.362999999999984E+01  0.882580521801388E+00
       0.363099999999984E+01  0.885141574006952E+00
       0.363199999999984E+01  0.887715559883189E+00
       0.363299999999984E+01  0.890302577147632E+00
       0.363399999999984E+01  0.892902724480131E+00
       0.363499999999984E+01  0.895516101534318E+00
       0.363599999999984E+01  0.898142808949259E+00
       0.363699999999984E+01  0.900782948361279E+00
       0.363799999999984E+01  0.903436622415890E+00
       0.363899999999984E+01  0.906103934779964E+00
       0.363999999999984E+01  0.908784990154043E+00
       0.364099999999984E+01  0.911479894284831E+00
       0.364199999999984E+01  0.914188753977802E+00
       0.364299999999984E+01  0.916911677110109E+00
       0.364399999999984E+01  0.919648772643540E+00
       0.364499999999984E+01  0.922400150637753E+00
       0.364599999999984E+01  0.925165922263662E+00
       0.364699999999984E+01  0.927946199817011E+00
       0.364799999999984E+01  0.930741096732129E+00
       0.364899999999984E+01  0.933550727595936E+00
       0.364999999999984E+01  0.936375208162084E+00
       0.365099999999984E+01  0.939214655365358E+00
       0.365199999999984E+01  0.942069187336155E+00
       0.365299999999984E+01  0.944938923415428E+00
       0.365399999999984E+01  0.947823984169566E+00
       0.365499999999984E+01  0.950724491405634E+00
       0.365599999999984E+01  0.953640568186830E+00
       0.365699999999984E+01  0.956572338848114E+00
       0.365799999999984E+01  0.959519929012123E+00
       0.365899999999984E+01  0.962483465605274E+00
       0.365999999999984E+01  0.965463076874082E+00
       0.366099999999984E+01  0.968458892401812E+00
       0.366199999999984E+01  0.971471043125262E+00
       0.366299999999984E+01  0.974499661351828E+00
       0.366399999999984E+01  0.977544880776912E+00
       0.366499999999984E+01  0.980606836501388E+00
       0.366599999999984E+01  0.983685665049526E+00
       0.366699999999984E+01  0.986781504387109E+00
       0.366799999999984E+01  0.989894493939704E+00
       0.366899999999984E+01  0.993024774611422E+00
       0.366999999999984E+01  0.996172488803768E+00
       0.367099999999984E+01  0.999337780434852E+00
       0.367199999999984E+01  0.100252079495891E+01
       0.367299999999984E+01  0.100572167938603E+01
       0.367399999999984E+01  0.100894058230229E+01
       0.367499999999984E+01  0.101217765389008E+01
       0.367599999999984E+01  0.101543304594878E+01
       0.367699999999984E+01  0.101870691191582E+01
       0.367799999999984E+01  0.102199940688791E+01
       0.367899999999984E+01  0.102531068764274E+01
       0.367999999999984E+01  0.102864091266082E+01
       0.368099999999984E+01  0.103199024214795E+01
       0.368199999999984E+01  0.103535883805772E+01
       0.368299999999984E+01  0.103874686411445E+01
       0.368399999999984E+01  0.104215448583668E+01
       0.368499999999984E+01  0.104558187056069E+01
       0.368599999999984E+01  0.104902918746462E+01
       0.368699999999984E+01  0.105249660759286E+01
       0.368799999999984E+01  0.105598430388087E+01
       0.368899999999984E+01  0.105949245118029E+01
       0.368999999999984E+01  0.106302122628456E+01
       0.369099999999984E+01  0.106657080795484E+01
       0.369199999999984E+01  0.107014137694637E+01
       0.369299999999984E+01  0.107373311603526E+01
       0.369399999999984E+01  0.107734621004562E+01
       0.369499999999984E+01  0.108098084587720E+01
       0.369599999999984E+01  0.108463721253345E+01
       0.369699999999984E+01  0.108831550114998E+01
       0.369799999999984E+01  0.109201590502342E+01
       0.369899999999984E+01  0.109573861964091E+01
       0.369999999999983E+01  0.109948384270986E+01
       0.370099999999983E+01  0.110325177418828E+01
       0.370199999999983E+01  0.110704261631559E+01
       0.370299999999983E+01  0.111085657364387E+01
       0.370399999999983E+01  0.111469385306969E+01
       0.370499999999983E+01  0.111855466386631E+01
       0.370599999999983E+01  0.112243921771653E+01
       0.370699999999983E+01  0.112634772874604E+01
       0.370799999999983E+01  0.113028041355721E+01
       0.370899999999983E+01  0.113423749126349E+01
       0.370999999999983E+01  0.113821918352443E+01
       0.371099999999983E+01  0.114222571458115E+01
       0.371199999999983E+01  0.114625731129239E+01
       0.371299999999983E+01  0.115031420317123E+01
       0.371399999999983E+01  0.115439662242240E+01
       0.371499999999983E+01  0.115850480398001E+01
       0.371599999999983E+01  0.116263898554618E+01
       0.371699999999983E+01  0.116679940763011E+01
       0.371799999999983E+01  0.117098631358777E+01
       0.371899999999983E+01  0.117519994966244E+01
       0.371999999999983E+01  0.117944056502564E+01
       0.372099999999983E+01  0.118370841181898E+01
       0.372199999999983E+01  0.118800374519651E+01
       0.372299999999983E+01  0.119232682336795E+01
       0.372399999999983E+01  0.119667790764247E+01
       0.372499999999983E+01  0.120105726247326E+01
       0.372599999999983E+01  0.120546515550291E+01
       0.372699999999983E+01  0.120990185760940E+01
       0.372799999999983E+01  0.121436764295302E+01
       0.372899999999983E+01  0.121886278902398E+01
       0.372999999999983E+01  0.122338757669077E+01
       0.373099999999983E+01  0.122794229024946E+01
       0.373199999999983E+01  0.123252721747377E+01
       0.373299999999983E+01  0.123714264966594E+01
       0.373399999999983E+01  0.124178888170851E+01
       0.373499999999983E+01  0.124646621211705E+01
       0.373599999999983E+01  0.125117494309349E+01
       0.373699999999983E+01  0.125591538058093E+01
       0.373799999999983E+01  0.126068783431861E+01
       0.373899999999983E+01  0.126549261789856E+01
       0.373999999999983E+01  0.127033004882271E+01
       0.374099999999983E+01  0.127520044856130E+01
       0.374199999999983E+01  0.128010414261202E+01
       0.374299999999983E+01  0.128504146056040E+01
       0.374399999999983E+01  0.129001273614115E+01
       0.374499999999983E+01  0.129501830730056E+01
       0.374599999999983E+01  0.130005851625990E+01
       0.374699999999983E+01  0.130513370958018E+01
       0.374799999999983E+01  0.131024423822765E+01
       0.374899999999983E+01  0.131539045764088E+01
       0.374999999999983E+01  0.132057272779864E+01
       0.375099999999983E+01  0.132579141328920E+01
       0.375199999999983E+01  0.133104688338071E+01
       0.375299999999983E+01  0.133633951209295E+01
       0.375399999999983E+01  0.134166967827022E+01
       0.375499999999983E+01  0.134703776565559E+01
       0.375599999999983E+01  0.135244416296650E+01
       0.375699999999983E+01  0.135788926397159E+01
       0.375799999999983E+01  0.136337346756895E+01
       0.375899999999983E+01  0.136889717786589E+01
       0.375999999999983E+01  0.137446080425988E+01
       0.376099999999983E+01  0.138006476152117E+01
       0.376199999999983E+01  0.138570946987680E+01
       0.376299999999983E+01  0.139139535509610E+01
       0.376399999999983E+01  0.139712284857780E+01
       0.376499999999983E+01  0.140289238743860E+01
       0.376599999999983E+01  0.140870441460356E+01
       0.376699999999983E+01  0.141455937889779E+01
       0.376799999999983E+01  0.142045773514020E+01
       0.376899999999983E+01  0.142639994423865E+01
       0.376999999999983E+01  0.143238647328700E+01
       0.377099999999983E+01  0.143841779566386E+01
       0.377199999999983E+01  0.144449439113322E+01
       0.377299999999983E+01  0.145061674594687E+01
       0.377399999999983E+01  0.145678535294876E+01
       0.377499999999983E+01  0.146300071168120E+01
       0.377599999999983E+01  0.146926332849315E+01
       0.377699999999983E+01  0.147557371665042E+01
       0.377799999999983E+01  0.148193239644797E+01
       0.377899999999983E+01  0.148833989532425E+01
       0.377999999999983E+01  0.149479674797775E+01
       0.378099999999983E+01  0.150130349648568E+01
       0.378199999999983E+01  0.150786069042490E+01
       0.378299999999983E+01  0.151446888699505E+01
       0.378399999999983E+01  0.152112865114414E+01
       0.378499999999983E+01  0.152784055569638E+01
       0.378599999999983E+01  0.153460518148246E+01
       0.378699999999983E+01  0.154142311747243E+01
       0.378799999999983E+01  0.154829496091083E+01
       0.378899999999983E+01  0.155522131745471E+01
       0.378999999999983E+01  0.156220280131401E+01
       0.379099999999982E+01  0.156924003539484E+01
       0.379199999999982E+01  0.157633365144534E+01
       0.379299999999982E+01  0.158348429020452E+01
       0.379399999999982E+01  0.159069260155370E+01
       0.379499999999982E+01  0.159795924467119E+01
       0.379599999999982E+01  0.160528488818974E+01
       0.379699999999982E+01  0.161267021035708E+01
       0.379799999999982E+01  0.162011589919962E+01
       0.379899999999982E+01  0.162762265268942E+01
       0.379999999999982E+01  0.163519117891411E+01
       0.380099999999982E+01  0.164282219625054E+01
